10000
244 367
452 138
462 161
149 365
46 413
438 251
23 387
167 508
151 247
111 482
64 272
374 241
204 466
294 207
153 199
401 397
55 342
24 5
503 173
370 38
74 297
289 97
172 456
93 324
192 205
294 256
477 156
498 169
110 280
376 263
479 265
149 22
95 173
28 87
346 398
125 421
183 414
6 356
359 100
168 39
305 462
295 270
106 281
439 216
49 303
480 17
56 117
39 152
290 67
239 124
466 364
33 137
266 40
493 113
140 149
152 445
99 448
203 205
217 130
422 267
433 390
284 489
507 323
129 285
391 368
409 345
220 443
482 487
483 464
88 111
101 241
44 201
177 247
406 394
377 316
149 298
194 433
275 189
245 405
474 124
261 372
469 482
303 439
457 274
391 33
385 493
274 429
182 451
164 76
334 29
393 483
327 75
405 90
265 138
495 227
262 245
87 219
215 390
146 160
152 26
193 25
7 468
454 189
407 106
265 229
135 146
201 462
222 94
41 487
232 24
202 494
269 290
201 484
168 347
132 321
373 326
346 380
282 289
57 177
395 323
407 19
469 96
481 179
190 10
154 422
35 357
404 304
135 93
277 303
440 409
112 302
223 459
170 505
236 228
171 119
39 66
138 508
162 108
176 352
118 330
262 153
175 154
458 310
247 223
102 175
120 214
477 344
161 136
337 397
364 508
5 403
62 143
399 224
251 63
64 370
394 326
11 57
480 469
368 215
180 470
391 301
172 356
133 334
492 470
219 344
467 224
235 17
368 123
242 107
186 306
477 68
121 489
126 89
446 494
305 115
452 184
416 112
28 37
446 9
507 154
353 462
378 77
480 234
200 210
342 386
4 307
455 125
284 69
215 219
51 8
334 503
192 238
103 220
275 38
229 270
192 71
221 58
148 189
293 348
399 123
222 403
430 165
17 203
234 232
422 285
240 244
276 432
482 380
140 245
418 370
3 98
441 224
156 77
413 449
425 300
60 135
192 491
301 209
182 23
441 92
309 169
336 73
89 306
453 229
39 359
87 42
457 16
267 102
93 168
39 6
469 100
142 149
79 443
358 261
466 287
353 263
456 177
337 33
483 278
262 10
126 350
52 71
366 319
173 460
488 213
466 445
313 96
82 392
27 440
141 494
215 494
245 159
159 70
192 130
349 454
140 475
292 192
34 147
0 208
95 488
421 49
421 222
146 503
102 173
431 243
155 134
225 401
293 384
471 485
2 308
427 142
271 208
334 306
355 334
2 450
310 423
499 219
133 133
210 235
307 129
478 462
263 191
351 44
63 311
17 65
107 445
207 379
141 29
173 496
364 175
434 162
86 421
382 219
43 80
454 350
210 420
300 473
99 140
6 162
451 23
227 46
468 434
425 97
463 86
81 315
261 3
478 347
425 348
54 468
428 508
306 126
416 94
88 3
234 94
165 173
117 392
220 74
314 133
171 266
220 253
69 481
256 35
317 169
383 371
125 300
368 431
426 272
14 2
276 248
96 441
422 214
322 130
288 124
263 459
390 483
200 460
453 457
495 258
114 367
117 240
155 485
159 69
246 173
72 10
422 168
451 332
382 261
462 158
386 213
106 264
185 306
212 126
251 196
384 366
51 501
94 206
475 253
275 209
427 347
219 337
4 158
157 386
420 107
33 294
320 139
46 505
445 259
119 185
455 503
39 506
493 133
200 456
386 475
153 301
311 372
126 315
18 283
189 438
390 222
220 199
361 267
192 295
14 312
480 469
303 7
463 284
140 151
228 14
114 381
316 425
241 442
228 260
214 418
186 92
128 407
291 490
162 484
273 176
284 241
133 75
248 84
360 388
235 76
402 349
458 206
263 187
137 491
447 351
397 122
443 14
17 223
504 179
195 265
355 479
506 488
42 242
60 402
118 295
479 8
132 425
215 395
100 352
375 36
191 260
158 122
274 175
345 266
354 28
19 197
507 13
173 38
255 233
440 373
16 407
382 148
320 85
32 421
437 407
457 116
155 103
238 430
278 72
184 120
100 204
317 96
217 490
134 473
211 62
334 227
470 204
375 278
289 407
187 214
302 132
330 458
235 57
376 1
129 48
121 229
252 438
325 470
416 459
431 115
10 253
342 480
458 206
246 235
101 434
450 404
54 268
350 290
325 214
291 454
262 413
172 3
339 497
473 244
445 392
359 455
133 190
423 79
396 157
315 497
79 253
389 134
9 227
424 335
441 203
277 192
104 449
195 444
435 156
176 368
36 23
311 169
213 222
249 97
379 52
83 459
305 472
81 314
188 505
137 117
196 415
309 301
352 504
233 275
148 409
131 184
432 442
354 134
152 91
231 20
143 314
479 448
275 48
250 463
41 388
68 237
291 378
26 131
370 259
407 7
156 26
191 77
469 33
211 109
124 442
129 267
245 96
203 8
144 454
471 185
330 27
423 109
405 449
240 264
197 135
271 353
162 462
430 119
496 129
228 108
60 358
376 305
454 67
313 87
9 272
272 339
299 183
448 193
121 177
457 318
312 216
159 474
166 78
81 150
207 310
259 267
156 123
60 98
190 373
185 200
133 458
27 433
129 476
114 250
141 59
56 453
275 216
416 441
294 497
80 501
295 339
257 451
462 317
38 140
179 223
340 312
169 368
233 299
332 347
37 473
406 94
414 169
310 318
99 92
304 179
81 87
6 338
27 468
144 65
96 323
288 437
123 458
293 357
245 113
192 282
74 87
376 488
256 174
295 355
266 87
22 348
174 28
174 201
496 318
266 81
129 43
6 253
501 299
98 234
412 290
4 486
377 381
462 122
43 245
477 310
332 500
146 507
16 320
196 1
127 463
82 256
506 88
509 495
387 95
217 287
386 221
261 251
90 211
373 134
457 339
444 277
327 78
272 343
398 469
344 13
420 426
270 414
2 267
397 389
363 102
164 237
323 425
488 414
125 350
36 70
177 480
347 504
46 108
335 444
65 168
458 485
82 216
387 85
483 272
474 334
374 127
59 185
40 36
87 165
386 123
235 51
91 71
43 137
179 378
70 244
34 16
217 117
232 92
202 203
364 164
26 226
291 85
411 332
121 499
497 507
110 221
46 202
292 89
339 471
468 409
203 502
425 420
107 145
0 309
349 364
474 375
78 253
460 489
73 70
476 59
65 75
280 112
277 60
201 104
19 157
2 222
148 427
130 255
61 130
53 410
494 15
273 60
268 221
37 342
291 2
401 357
77 169
469 354
229 158
458 248
316 460
470 464
376 88
207 437
218 260
335 200
275 96
260 32
317 297
374 97
299 263
454 376
432 411
218 149
57 165
397 373
113 355
325 489
443 21
414 149
281 237
349 45
333 97
77 139
394 451
236 182
202 178
46 122
77 265
271 134
430 156
508 31
511 321
9 442
342 423
79 112
149 428
157 482
13 234
109 407
173 345
77 375
11 124
497 88
389 256
223 307
412 219
338 411
28 347
341 371
259 420
483 408
336 128
378 349
362 488
244 23
321 322
398 333
446 383
421 323
127 132
118 27
351 456
438 380
292 267
239 39
175 210
447 511
338 313
348 188
289 80
211 99
402 97
432 336
480 341
147 95
474 265
122 313
210 48
181 502
315 420
29 490
118 476
489 456
277 325
132 55
405 343
154 296
440 74
120 408
415 268
503 377
21 113
179 231
161 360
221 476
269 250
454 387
214 431
332 492
244 464
35 138
296 189
434 224
263 42
121 166
310 112
32 332
226 211
51 387
59 273
352 328
11 294
204 226
214 24
206 458
488 241
84 272
430 6
497 181
49 106
347 359
218 379
179 444
78 231
320 138
504 160
466 3
454 158
229 156
182 435
103 159
164 187
431 82
194 416
263 243
10 99
90 229
478 270
161 45
501 481
183 493
129 137
496 72
296 214
228 478
137 331
125 302
7 45
384 201
461 136
444 472
235 22
189 201
292 350
246 281
320 429
262 449
55 247
9 351
461 238
317 86
57 443
388 64
488 261
265 437
397 197
397 120
220 74
321 0
425 56
282 233
485 32
170 28
279 180
379 228
418 185
315 475
116 191
28 92
452 293
17 337
491 415
457 199
489 267
199 402
323 481
123 296
2 294
325 281
474 192
510 380
377 313
343 493
504 371
73 445
153 91
270 132
506 216
331 483
483 18
374 294
500 497
78 502
279 403
271 241
84 269
109 461
70 453
443 63
312 4
508 465
95 266
85 89
482 416
61 453
435 435
235 423
420 314
413 188
205 172
429 289
442 27
239 0
480 170
63 280
174 59
234 270
326 319
359 296
224 420
238 147
343 473
58 252
275 471
440 481
131 357
258 61
384 497
62 352
155 125
121 330
185 355
88 511
162 447
295 386
356 21
21 187
495 79
439 258
38 367
227 170
213 486
231 85
471 293
438 115
419 47
445 92
402 21
91 52
468 386
439 312
408 460
500 391
28 427
137 66
283 365
236 496
339 468
69 298
249 507
413 156
42 346
248 444
367 339
497 324
214 424
124 110
372 112
501 400
28 126
467 311
491 191
295 318
147 364
105 397
360 6
41 402
353 290
335 208
117 320
20 331
232 145
441 92
257 430
493 285
45 448
84 24
127 379
343 275
232 448
160 80
454 201
482 295
491 305
504 97
113 12
428 345
157 358
438 415
276 419
188 321
355 273
346 482
140 177
245 372
113 405
452 55
95 423
351 74
216 343
171 330
355 88
163 1
446 89
416 210
508 92
20 351
365 366
322 506
31 55
366 144
461 307
199 44
218 38
118 434
381 290
252 225
378 416
226 312
505 130
10 502
222 30
341 76
396 151
70 427
207 436
59 156
231 259
200 449
297 318
372 167
96 112
392 474
16 106
274 10
236 285
0 458
315 341
22 200
493 92
115 188
17 175
344 248
434 32
186 219
350 46
386 447
158 266
409 175
372 172
185 96
457 185
43 260
14 65
460 507
158 64
183 175
239 15
423 161
47 97
380 398
143 255
333 302
9 230
477 382
402 150
478 347
335 9
96 349
75 44
345 233
108 16
408 347
32 319
508 79
417 377
477 48
120 298
350 129
17 315
511 419
465 478
255 288
487 351
126 50
395 471
283 504
487 179
339 7
499 336
87 404
201 52
452 321
351 291
450 368
94 450
275 48
416 18
336 391
369 462
442 253
421 213
245 397
393 72
404 380
408 491
272 97
32 212
418 383
503 357
239 86
295 2
134 199
21 470
78 390
421 8
131 330
222 376
215 103
449 108
483 345
87 243
443 119
455 349
502 447
194 229
21 489
232 155
176 253
113 255
131 22
263 263
353 485
127 56
76 64
164 47
410 252
290 341
371 234
178 362
169 373
79 190
350 311
345 15
52 458
270 184
481 21
447 322
507 62
378 71
127 31
119 25
283 409
366 142
131 32
504 300
405 72
490 244
383 323
259 436
270 17
108 239
38 43
49 33
105 427
105 232
458 224
257 229
121 111
372 253
144 364
41 37
436 20
281 308
343 28
232 101
45 340
340 84
383 389
117 488
305 222
209 251
446 466
481 56
66 341
309 210
193 350
247 118
370 17
426 202
45 146
303 91
486 132
175 357
9 292
333 314
3 30
54 449
497 23
505 51
364 302
261 45
141 508
163 511
13 77
201 59
223 505
150 197
125 325
42 134
105 376
449 108
406 503
46 391
14 39
442 378
342 191
423 483
188 75
482 201
152 172
260 376
165 410
61 290
223 104
424 329
480 361
437 374
352 483
254 366
11 184
232 353
376 144
324 52
219 294
253 371
466 2
235 119
412 297
409 124
401 322
453 369
171 378
231 12
350 485
378 361
158 99
202 22
243 14
74 462
308 327
321 263
329 45
382 230
342 280
354 231
90 295
88 261
161 319
273 511
293 140
360 451
239 50
473 482
64 35
432 373
362 241
124 180
286 506
410 116
274 252
347 364
35 435
114 196
243 387
196 24
15 44
475 254
95 436
224 159
471 144
20 321
386 144
501 160
139 399
277 413
139 112
266 174
36 380
371 279
255 55
303 271
99 266
13 194
190 238
354 149
382 374
470 256
7 460
417 146
347 182
47 487
294 313
149 330
181 8
97 437
63 400
196 163
154 209
357 344
447 199
493 318
62 452
62 69
400 479
215 235
149 262
210 444
64 360
262 245
368 360
170 432
248 366
83 403
64 440
235 511
128 217
317 190
157 380
259 45
347 474
280 497
224 491
429 288
339 179
22 195
27 192
115 276
47 198
167 111
127 402
110 255
107 428
445 264
296 192
309 131
154 78
116 378
57 33
155 396
213 177
79 240
369 195
4 416
393 171
15 8
62 126
263 169
42 196
434 338
388 231
469 30
309 74
409 366
107 52
250 320
229 330
49 86
13 53
503 406
225 6
415 287
132 166
456 174
363 378
0 239
98 470
270 407
32 167
262 139
219 0
460 448
330 509
22 343
50 13
238 275
20 141
50 152
307 507
327 158
373 327
398 471
285 156
367 317
323 117
457 30
117 405
478 448
402 500
279 452
2 5
216 22
146 266
174 454
261 501
100 123
317 498
82 90
142 449
408 465
54 353
495 172
246 461
108 136
450 387
76 452
393 292
474 27
47 136
481 308
126 70
431 443
56 2
21 199
451 429
152 506
270 136
166 4
85 274
140 23
149 217
475 30
509 437
58 44
62 27
353 188
97 272
119 154
274 140
353 214
58 505
208 328
129 374
333 215
136 473
238 285
178 202
316 176
127 374
220 189
401 61
377 499
334 496
141 96
125 494
310 183
487 6
511 105
380 332
320 4
294 46
290 472
248 94
136 376
468 357
53 357
418 431
344 240
415 485
337 28
467 135
211 443
142 211
36 10
31 356
15 325
402 305
286 139
399 422
3 355
267 56
200 174
487 33
414 391
6 239
419 474
375 119
405 5
330 441
15 361
285 30
175 175
335 461
314 222
371 317
65 127
374 266
301 349
299 203
228 305
443 136
267 306
255 160
311 73
89 326
434 374
357 97
38 180
46 352
403 418
158 468
33 20
222 334
369 9
25 86
315 468
222 70
262 477
231 61
38 320
388 472
183 233
58 221
413 104
61 304
10 219
261 43
239 483
377 97
493 403
183 296
359 405
366 110
370 85
171 408
406 47
368 77
280 426
298 182
19 359
486 29
67 235
73 306
207 450
403 188
341 74
484 189
479 338
299 337
424 470
233 318
6 90
395 286
4 181
468 23
28 443
53 95
166 126
402 373
64 293
49 406
368 21
83 335
360 382
161 272
340 394
78 346
484 473
121 489
142 77
0 170
8 53
266 175
179 156
36 244
449 86
138 305
107 221
129 467
91 290
227 431
172 305
266 145
266 387
122 408
464 122
67 473
176 333
136 355
489 172
87 426
258 225
220 366
446 349
321 25
127 37
457 299
342 211
444 97
86 54
505 38
177 60
511 353
393 135
196 370
308 284
285 54
509 505
420 444
342 230
469 469
267 414
256 97
113 189
194 199
243 188
238 420
248 237
261 130
373 458
500 169
230 273
223 227
266 132
159 96
362 117
53 117
19 310
214 133
499 409
332 230
85 58
139 333
296 400
463 157
346 452
326 64
213 37
292 480
169 451
64 19
56 118
136 76
428 351
209 415
248 29
133 333
88 272
154 384
161 106
29 507
46 355
60 259
392 352
227 50
291 292
69 348
410 206
424 326
45 121
229 293
150 362
114 238
123 268
110 284
374 139
279 420
494 339
168 375
179 395
425 471
175 494
307 73
188 219
399 233
340 116
14 490
479 128
217 90
397 327
374 259
467 141
168 449
481 336
312 148
219 225
107 395
208 414
468 396
121 356
118 461
472 132
440 439
261 145
17 146
472 391
405 427
21 61
365 502
397 165
138 105
391 246
500 87
148 456
483 270
300 89
219 261
222 147
188 483
292 206
117 253
85 10
168 106
72 21
96 469
187 235
62 66
481 50
153 117
507 124
387 295
214 95
44 436
242 233
407 23
439 12
276 12
22 444
119 94
466 215
52 141
450 114
207 419
165 360
25 160
484 412
455 186
507 500
110 238
221 5
261 148
17 25
160 40
469 279
134 423
495 186
52 433
301 259
341 466
107 366
114 80
266 57
266 262
45 377
500 266
382 249
414 400
274 63
440 231
342 62
143 325
249 195
247 38
455 76
504 50
442 106
130 196
163 397
458 209
262 446
475 132
183 378
20 457
441 460
177 271
11 320
85 260
3 332
298 458
408 290
509 338
396 127
22 47
12 481
256 274
415 220
407 87
86 427
32 15
376 209
286 387
17 371
135 21
191 433
479 87
211 476
425 95
92 448
142 104
417 399
379 320
107 274
407 193
189 440
208 53
137 494
440 155
354 63
176 33
496 143
121 195
108 34
290 200
482 433
304 387
320 171
196 427
445 91
108 123
19 316
176 157
298 105
312 140
168 488
174 153
119 295
348 227
329 127
427 300
48 220
175 368
391 371
283 325
463 391
448 482
195 112
127 493
217 439
122 386
415 296
27 23
79 375
250 408
502 166
196 38
386 372
406 265
231 177
78 182
56 14
153 251
127 280
233 344
208 355
218 111
139 245
134 218
109 385
114 99
39 311
138 425
171 32
178 402
210 257
73 266
271 226
6 398
506 239
231 202
82 449
314 221
183 448
439 292
321 41
391 360
352 17
273 11
50 452
414 260
197 487
14 468
201 20
355 195
259 74
398 341
11 200
50 194
136 489
486 458
19 366
306 371
383 68
383 433
8 285
181 205
260 196
161 461
216 4
144 476
78 30
305 90
230 356
284 367
333 259
313 352
113 107
212 496
175 83
418 183
368 87
388 116
283 38
65 500
42 209
464 121
240 257
211 470
101 495
325 435
242 126
275 355
234 487
340 409
58 246
81 426
333 469
30 105
507 95
93 38
305 45
159 33
302 370
503 404
353 317
327 84
443 90
439 165
66 267
63 124
1 144
39 335
101 69
440 97
165 21
135 470
66 294
503 368
152 494
260 505
299 75
77 231
166 5
396 232
272 459
356 274
91 395
97 193
465 25
290 118
46 425
76 112
207 67
480 359
49 229
352 349
304 430
68 470
435 464
190 195
412 35
469 503
430 54
184 383
79 474
501 125
387 65
237 82
132 206
441 182
435 282
19 227
200 87
186 123
39 376
318 451
411 276
443 330
330 115
201 410
78 191
23 465
256 261
36 389
467 477
59 390
247 78
105 447
165 291
58 204
156 377
144 55
141 75
385 471
190 75
369 268
266 393
222 10
142 258
399 97
223 458
487 471
24 80
406 189
372 465
394 16
330 26
71 471
101 457
430 291
20 288
48 286
169 270
296 311
16 184
408 239
130 383
198 155
463 93
344 323
46 226
339 376
252 411
335 353
356 253
133 376
29 181
150 198
451 446
509 467
118 405
194 249
276 393
404 228
486 236
39 20
463 379
396 203
278 219
45 122
472 178
498 502
359 136
188 298
70 186
253 189
79 447
438 356
328 330
72 302
54 111
322 5
490 206
209 256
425 254
378 386
432 364
376 279
500 52
65 59
238 318
248 318
253 174
162 70
504 234
372 46
345 183
52 324
389 261
68 303
3 447
177 435
299 41
202 288
93 267
347 332
73 83
138 326
257 300
396 249
22 257
295 367
440 347
179 317
96 248
108 99
183 285
22 482
326 224
258 420
491 93
240 52
176 378
379 433
166 263
170 188
8 466
43 448
301 223
254 398
471 362
497 142
136 8
112 462
232 371
370 212
464 98
264 129
476 131
50 130
395 221
318 403
175 362
340 476
73 82
362 32
444 348
174 68
356 286
19 76
145 389
288 98
488 41
227 452
172 277
71 55
498 389
459 161
239 287
126 312
369 488
344 301
324 6
370 168
293 389
245 438
266 21
24 242
62 251
183 235
17 254
290 3
131 237
165 371
12 291
171 381
267 4
171 80
10 29
248 303
418 493
230 172
3 254
415 65
506 86
300 11
340 79
14 471
316 179
330 329
470 502
198 226
506 369
306 4
398 42
308 304
24 26
477 27
280 380
92 274
466 393
285 294
472 300
253 276
479 72
93 438
62 292
152 56
149 458
60 36
500 368
340 12
394 305
39 163
173 132
437 127
13 211
421 485
511 163
249 478
235 343
404 297
123 44
353 272
502 413
308 491
270 137
503 152
442 31
315 104
163 241
231 176
452 141
149 451
304 398
417 27
229 310
324 352
354 165
113 345
66 421
324 336
46 315
489 489
346 292
81 509
21 312
173 473
453 322
412 245
209 318
272 438
116 84
279 470
249 392
303 316
301 115
140 348
431 117
325 265
410 406
263 431
206 436
393 148
247 293
393 456
99 154
382 215
238 149
174 488
29 477
292 331
81 432
167 0
38 492
265 448
386 16
367 80
453 248
228 188
30 110
132 129
264 2
345 502
152 7
478 181
484 258
0 53
179 167
53 217
147 319
153 21
335 8
102 276
257 330
464 287
440 84
416 192
87 249
183 239
256 149
420 229
408 421
282 75
76 336
292 224
143 445
245 478
453 347
243 198
166 195
485 94
280 390
287 367
127 470
94 384
107 2
101 3
423 383
78 500
207 370
212 350
303 457
317 245
293 48
443 459
243 417
41 11
295 328
378 422
286 472
294 394
475 395
397 386
267 476
374 474
334 74
313 126
20 118
371 313
166 302
260 409
207 301
421 502
118 287
413 404
248 195
286 211
79 172
85 346
136 460
308 470
22 109
84 42
227 455
355 393
246 103
291 453
405 200
444 11
487 345
415 223
28 190
434 107
362 8
453 498
468 250
456 490
359 29
21 75
484 376
468 218
480 247
160 373
447 92
384 423
437 287
134 465
477 57
61 327
65 2
313 21
252 258
511 100
287 20
175 259
397 131
478 365
379 126
226 314
218 98
225 143
385 360
96 351
417 157
166 482
160 480
503 412
226 502
0 1
11 175
260 408
307 226
261 174
352 487
488 58
73 202
201 458
50 298
297 467
455 464
437 103
432 428
4 146
418 4
147 429
180 407
325 487
122 74
149 474
49 125
21 122
327 222
69 377
8 366
332 464
318 257
55 238
173 59
384 80
64 19
509 244
427 323
219 37
397 368
511 447
493 20
57 309
243 126
174 251
493 507
203 299
252 259
26 426
318 410
506 382
430 503
114 345
314 333
382 200
189 381
135 171
402 192
480 133
319 142
384 300
137 76
87 390
335 113
304 141
12 298
12 442
289 126
275 92
460 145
292 137
14 427
308 416
107 276
37 426
419 422
214 44
498 302
434 321
415 226
462 427
12 474
357 302
89 120
394 37
265 174
174 280
89 483
184 196
247 222
111 154
132 325
199 118
115 121
439 19
348 389
446 360
352 292
150 441
412 32
478 166
206 140
446 295
111 118
492 359
340 91
1 472
416 200
78 20
322 5
39 158
395 485
6 235
265 157
164 166
189 130
332 396
270 266
179 382
384 159
229 213
250 230
173 155
431 252
175 241
257 214
399 140
187 405
375 453
50 27
107 240
157 439
124 428
193 303
298 65
463 15
278 201
245 452
356 164
192 19
405 449
233 292
78 421
186 453
362 236
481 469
476 126
396 88
42 77
392 340
142 343
355 421
32 89
361 389
253 41
408 147
490 130
439 56
39 113
510 401
350 479
358 314
93 242
403 136
319 283
476 461
114 320
370 146
409 219
23 150
260 432
297 239
50 225
295 89
338 293
490 176
260 336
491 354
66 382
490 385
153 454
334 267
262 193
413 159
412 437
310 161
357 95
400 407
320 183
496 147
477 474
323 225
298 302
67 364
172 45
237 325
500 59
80 250
252 494
410 153
419 208
314 264
303 202
159 112
385 143
259 350
105 70
64 403
373 131
255 33
177 492
359 165
39 439
415 292
421 313
445 328
9 247
80 313
449 239
425 322
382 172
161 487
242 225
378 103
356 121
137 21
101 496
186 141
423 90
433 333
403 366
149 413
101 230
214 38
469 127
360 340
299 9
315 29
234 182
133 79
303 270
100 405
254 287
34 165
377 467
498 268
321 136
169 422
366 383
460 323
510 308
151 297
318 467
327 40
137 460
119 440
218 220
333 472
507 367
125 372
322 112
128 131
248 298
41 102
169 501
425 168
298 65
465 104
20 280
144 157
228 264
85 446
484 419
406 479
274 20
339 85
132 467
216 380
253 258
482 423
247 395
79 33
460 32
137 480
313 282
125 29
34 211
476 6
118 370
485 392
390 312
477 10
267 182
390 9
440 360
432 175
244 511
209 192
31 346
161 344
116 286
374 150
497 338
156 103
196 129
496 75
441 461
85 197
131 476
206 59
324 126
235 56
125 444
249 156
278 410
501 395
184 363
33 170
189 190
273 385
319 257
460 249
207 34
446 338
510 140
398 322
266 121
379 391
53 116
35 331
14 24
214 198
387 248
368 64
438 130
450 245
387 398
494 82
432 428
421 430
56 307
241 322
428 108
201 481
224 237
300 238
261 3
436 137
251 293
201 177
423 139
422 298
26 405
381 458
321 290
377 378
85 106
188 1
214 390
482 438
115 270
164 376
273 88
1 12
381 203
189 292
342 100
79 368
505 460
315 314
238 180
180 323
286 369
324 500
247 294
426 362
52 78
226 326
166 228
338 36
431 16
328 261
116 407
118 109
355 433
423 81
101 92
404 387
461 216
375 196
510 289
46 51
367 272
377 21
500 203
57 419
219 386
169 335
281 287
444 125
208 356
206 309
448 99
184 397
315 47
81 314
336 127
365 191
399 230
212 388
433 270
295 141
144 464
476 425
239 409
38 447
253 245
244 189
344 428
74 147
475 155
461 299
282 314
490 169
32 191
45 466
461 341
95 93
293 59
6 21
468 45
468 209
290 201
398 122
117 472
269 81
115 219
380 397
21 359
55 54
38 100
8 499
441 103
80 223
162 86
244 119
131 200
328 421
401 215
31 7
175 301
88 291
8 468
176 29
315 231
83 353
332 91
340 261
194 420
484 357
507 216
476 126
417 292
36 306
507 67
313 171
368 401
462 376
358 126
406 161
358 489
3 178
69 343
439 263
252 412
108 247
116 72
373 21
365 409
328 360
477 129
19 333
19 481
198 377
96 92
26 454
69 29
120 138
373 47
402 113
459 510
360 64
71 221
85 436
119 413
284 84
31 304
417 50
273 103
427 369
195 453
311 265
483 431
403 344
479 293
457 426
292 305
490 363
14 64
287 133
477 59
217 508
363 123
46 125
226 473
494 422
415 294
175 386
213 66
218 180
360 163
95 140
468 73
503 482
137 278
104 103
337 321
99 189
444 146
314 159
107 296
69 10
78 244
396 292
310 102
472 158
265 55
298 221
129 289
192 266
55 296
369 393
105 469
70 38
103 384
197 210
168 266
221 247
510 105
27 308
208 499
467 473
43 253
183 172
31 375
438 86
159 296
479 264
253 37
302 356
421 499
54 78
253 275
325 251
381 352
48 77
339 3
38 382
256 221
42 287
84 481
374 243
265 341
508 6
379 298
362 288
286 416
366 27
180 179
279 49
19 327
126 359
330 164
229 74
386 272
362 470
241 224
202 506
53 198
0 432
496 362
209 270
266 63
298 446
243 65
495 262
392 109
109 210
274 339
284 148
99 134
106 340
358 308
334 412
506 334
332 491
184 29
249 450
93 35
385 336
100 368
86 492
478 196
190 240
23 475
388 122
97 494
462 456
291 284
356 285
106 176
264 290
206 2
228 299
37 101
123 138
470 209
118 436
405 309
164 428
272 40
38 369
22 500
313 313
272 157
87 378
334 351
156 28
353 385
327 391
486 450
17 444
147 135
368 41
444 20
469 204
60 508
62 83
496 375
396 257
21 483
123 355
323 280
383 164
153 198
43 127
136 60
60 283
196 428
324 128
449 282
333 509
278 395
80 262
258 477
7 279
448 131
122 259
411 505
424 52
191 467
179 327
16 239
99 212
156 423
340 93
193 161
90 471
44 171
222 303
136 229
70 72
360 193
332 259
186 244
311 378
199 491
193 215
218 292
427 374
204 256
467 397
417 46
357 462
217 67
253 353
296 323
425 145
4 245
404 191
489 204
57 177
183 250
392 401
31 308
264 235
52 219
120 469
265 477
419 482
32 160
323 329
484 237
474 488
482 366
167 460
58 224
125 241
475 5
131 506
313 395
229 365
102 349
323 368
315 230
338 347
391 150
164 363
387 126
339 357
493 507
305 39
219 430
281 182
436 412
176 237
295 405
91 397
243 414
253 46
132 80
393 11
230 46
374 105
172 202
462 153
197 256
193 416
174 474
87 98
374 263
336 157
157 427
42 400
329 296
446 461
376 327
473 94
373 335
199 34
25 149
187 222
405 380
127 68
342 214
166 204
477 502
361 122
417 404
10 234
188 456
184 52
272 145
146 133
480 345
167 506
494 355
216 388
223 343
456 54
45 110
258 11
101 108
133 6
0 144
241 188
88 425
240 360
58 386
494 26
219 149
20 201
504 237
77 216
68 21
270 114
132 16
125 233
124 258
239 124
402 480
312 491
393 40
339 451
426 321
478 133
471 498
335 463
223 412
167 292
434 437
406 54
454 19
287 66
277 14
191 168
495 503
147 376
32 486
316 458
296 282
80 255
268 415
206 492
315 374
272 237
299 166
291 241
185 66
308 462
81 499
118 64
490 265
440 10
240 244
469 24
14 37
279 283
452 485
263 255
347 23
493 135
189 272
376 374
339 172
324 420
159 443
484 138
196 412
148 436
145 105
460 159
142 227
442 82
201 193
338 36
216 319
171 405
79 36
267 418
208 80
326 368
11 298
506 207
199 142
132 344
248 80
503 390
308 434
473 509
115 299
33 332
106 205
225 185
241 493
92 449
61 418
305 72
205 299
279 404
442 411
236 178
492 227
56 288
149 17
285 265
316 318
85 422
11 310
96 252
291 188
190 352
94 495
424 299
283 192
191 213
91 427
391 71
143 447
359 292
465 132
45 269
451 130
180 462
441 276
203 220
464 393
61 46
376 485
346 147
165 25
360 257
453 239
328 84
175 176
376 128
308 422
397 247
40 65
198 481
341 401
190 293
282 251
340 146
224 174
294 390
199 142
135 140
382 463
224 45
127 89
173 436
511 58
171 39
124 369
9 465
258 199
247 28
450 75
175 162
249 469
40 448
99 175
77 481
127 301
14 254
390 187
178 389
246 350
429 370
207 438
323 466
125 58
494 63
133 157
225 382
114 266
319 214
441 396
183 56
185 198
311 64
385 489
453 119
327 370
489 23
296 301
489 421
359 471
484 493
117 198
363 231
464 170
445 393
54 117
450 240
315 249
304 188
226 245
308 42
104 285
65 400
74 42
310 434
1 282
415 118
480 266
350 432
437 283
314 491
400 252
219 203
501 11
392 215
257 188
257 361
473 322
249 36
364 47
470 366
330 373
484 298
127 322
219 52
94 21
32 494
273 251
186 262
263 66
477 8
254 223
369 215
33 106
251 398
154 209
252 484
70 224
270 198
35 489
250 129
510 282
111 271
22 297
21 285
363 499
293 105
210 150
321 243
256 60
129 410
270 381
382 340
94 141
26 129
118 277
258 117
47 369
388 69
155 410
354 6
397 135
112 95
285 433
338 30
493 468
440 251
337 311
80 431
452 106
48 58
383 306
175 431
164 52
500 319
462 343
325 347
478 437
442 252
358 268
282 340
224 210
79 50
9 159
481 461
266 18
8 137
324 183
56 488
235 45
295 185
388 109
20 354
34 462
94 393
219 376
221 443
75 300
493 84
460 463
34 214
481 42
351 293
225 408
270 461
453 53
134 329
162 155
171 197
105 266
78 324
130 299
256 205
87 237
290 35
188 324
249 157
366 89
451 79
497 209
28 438
262 163
255 425
318 426
110 423
180 188
236 311
487 492
4 62
217 294
98 406
106 347
51 472
436 502
40 421
199 68
347 462
231 90
375 37
5 485
461 185
161 185
496 136
165 501
198 382
283 296
276 390
132 328
350 56
318 390
478 6
459 313
468 178
404 331
216 409
304 165
82 465
350 67
89 3
56 287
385 339
72 150
217 204
478 56
260 284
446 226
290 393
28 246
60 432
65 276
329 369
441 411
322 279
478 411
282 22
187 155
362 259
305 67
463 271
123 211
44 58
438 334
451 466
69 511
386 134
275 203
504 204
102 314
483 69
214 253
91 401
409 453
148 202
9 99
474 132
310 6
190 236
340 130
190 409
129 64
32 405
267 24
97 370
338 69
439 40
322 18
441 219
472 77
422 481
176 384
101 487
390 292
211 218
422 402
116 39
466 148
444 222
172 30
80 510
99 7
39 421
25 480
129 497
46 39
466 222
423 56
197 301
348 409
7 258
299 123
297 253
271 230
475 443
260 43
442 359
50 481
268 76
449 397
61 495
436 16
206 347
72 403
136 420
300 144
166 87
267 463
341 27
181 304
470 441
348 400
288 398
369 45
474 307
442 24
290 367
40 496
202 112
388 339
20 176
483 186
264 238
137 93
265 319
397 224
248 233
112 25
120 482
70 82
277 0
106 55
367 146
40 58
258 428
397 278
92 368
464 356
94 90
449 360
409 335
72 145
56 184
170 176
154 240
259 431
241 365
487 96
0 15
154 258
443 39
25 23
407 489
380 502
67 317
350 476
140 422
110 197
94 280
373 249
9 120
168 250
486 143
346 486
158 501
232 89
28 257
113 436
235 493
426 302
298 264
267 439
174 377
124 268
145 497
5 154
106 174
404 80
317 239
54 476
228 286
53 256
32 166
180 267
147 94
57 446
358 324
373 20
189 497
289 335
482 294
489 76
468 382
156 274
109 210
238 337
497 291
81 17
458 262
284 93
356 341
27 203
154 400
223 343
385 0
166 356
295 144
432 251
14 77
13 123
287 251
460 272
31 29
289 489
291 61
70 136
403 98
339 45
498 50
388 372
51 43
216 346
187 136
85 201
213 99
324 501
350 272
261 381
301 39
358 81
100 429
217 503
15 44
36 1
94 425
373 145
468 77
491 143
214 65
344 427
164 156
416 2
428 166
384 217
205 230
298 305
147 3
297 162
47 333
164 142
246 25
287 202
103 267
345 317
332 177
232 496
333 137
498 249
303 370
467 508
89 253
301 236
257 86
399 304
420 51
446 154
76 222
357 179
489 190
496 309
368 217
293 189
354 279
439 145
138 394
141 227
135 442
463 392
17 350
185 437
401 119
79 478
341 436
145 318
115 130
115 483
347 408
160 189
176 87
334 314
481 475
29 105
405 492
497 422
331 170
347 220
290 427
186 119
351 332
438 466
462 41
437 297
450 86
486 114
173 308
428 143
271 457
248 164
437 233
75 256
404 422
477 182
337 151
301 177
483 227
131 433
269 57
218 207
143 192
321 316
500 237
459 259
182 195
424 107
429 499
364 321
409 329
503 235
480 292
412 452
8 31
373 277
88 80
484 231
272 293
36 261
18 495
8 200
179 432
307 96
419 159
417 317
488 408
40 457
188 452
397 196
483 258
473 60
338 445
291 99
226 327
360 244
311 368
444 490
289 240
74 196
399 491
1 376
387 41
321 63
493 206
260 465
464 221
13 291
155 304
390 381
120 238
114 431
94 46
409 383
286 483
68 174
462 69
38 337
111 359
400 92
53 148
45 5
370 58
296 13
363 174
394 483
412 508
402 507
43 299
378 329
270 446
503 220
4 29
45 115
388 445
207 441
82 253
447 452
311 231
465 162
406 347
133 306
344 23
301 387
322 168
204 80
102 196
300 106
225 345
221 102
279 429
31 361
170 478
301 481
198 254
132 92
89 265
398 433
289 188
308 99
356 1
180 458
197 480
53 422
314 274
12 81
191 44
442 361
10 231
331 208
485 463
300 62
216 187
496 505
375 292
93 219
293 273
165 490
241 218
401 43
493 413
124 172
457 54
22 468
285 353
164 258
304 465
321 8
140 305
2 3
85 95
222 379
368 387
357 97
94 246
141 75
148 265
247 93
320 269
49 93
110 214
352 414
167 161
423 307
466 425
310 39
8 20
418 376
407 264
473 501
510 102
64 146
368 312
240 176
69 289
269 180
503 109
82 158
270 505
465 224
418 263
264 426
283 170
290 179
434 252
168 433
354 233
67 210
33 307
386 102
85 144
282 76
253 365
235 12
358 188
236 265
452 500
179 223
159 470
402 81
210 59
2 52
292 70
263 325
377 137
427 462
281 198
27 23
51 262
35 409
450 271
162 390
260 342
102 419
300 504
500 510
51 503
50 343
61 313
156 438
451 72
389 220
270 416
243 321
166 278
218 104
38 381
495 298
211 85
205 511
77 193
509 129
184 47
472 245
361 117
172 300
189 49
8 459
465 252
268 119
18 486
223 56
355 206
354 54
291 47
53 369
241 50
498 425
98 458
159 459
63 331
247 252
380 255
199 333
507 467
452 14
442 163
70 285
370 425
340 149
472 393
6 201
444 504
115 30
451 274
489 2
93 224
255 473
479 454
294 475
410 234
489 340
397 47
113 255
472 453
405 433
335 411
122 267
404 237
297 343
511 274
345 92
498 88
53 465
31 347
428 441
69 405
269 467
453 382
210 413
324 103
334 147
3 457
414 407
182 199
238 182
473 71
274 459
160 328
412 191
163 329
120 233
222 389
188 163
259 398
65 71
502 399
218 505
344 120
400 15
319 126
197 280
197 471
227 357
287 128
36 451
457 156
172 167
33 360
331 293
246 396
364 236
283 71
229 116
191 117
131 511
243 328
279 441
287 507
286 63
123 323
2 68
479 174
235 1
22 54
294 268
450 146
505 222
217 222
338 409
340 469
408 71
285 175
0 60
170 287
123 293
98 125
361 65
299 85
66 321
139 360
78 78
507 71
300 212
293 126
109 121
83 5
193 368
181 193
428 351
480 40
133 66
165 494
132 465
67 198
274 207
47 352
285 42
423 73
254 205
199 364
326 282
369 7
138 38
201 54
390 169
94 11
236 260
505 368
213 61
54 487
268 101
328 41
143 239
114 398
444 313
250 259
83 107
266 221
146 467
275 24
125 370
35 361
118 28
217 331
89 271
306 357
373 122
398 4
362 0
402 294
313 140
41 396
248 308
105 394
263 381
418 388
239 453
237 357
481 454
176 59
214 482
416 75
93 303
79 455
303 482
237 105
110 279
501 358
75 95
240 338
476 146
215 203
87 452
48 57
395 224
116 97
194 20
172 287
323 251
230 115
221 468
220 332
235 209
178 310
304 419
136 268
53 351
471 141
292 7
198 175
231 314
272 426
334 444
201 146
183 432
261 405
388 481
225 111
178 403
421 483
310 45
239 364
397 199
505 177
206 191
352 438
505 112
352 327
44 41
473 227
473 222
120 349
191 345
460 370
237 369
341 35
415 68
399 300
267 392
477 474
71 317
400 64
429 240
392 473
281 353
188 243
64 309
80 255
142 29
113 379
398 454
415 301
11 302
89 278
183 54
240 254
371 128
319 288
368 199
249 138
40 438
381 104
235 461
360 377
490 473
245 377
416 148
166 427
450 256
193 121
310 434
376 170
50 183
458 419
382 196
45 422
122 426
15 357
375 375
222 354
336 467
219 240
103 385
155 42
129 349
163 440
271 27
98 321
210 44
228 80
240 273
503 362
187 6
207 51
381 430
405 205
385 112
446 489
497 89
19 115
438 182
43 197
210 141
7 420
185 235
501 426
509 492
276 184
498 484
235 367
402 128
60 275
240 506
252 226
84 271
341 10
454 384
208 152
13 215
60 198
450 49
112 447
29 389
120 15
361 355
382 251
484 443
14 212
437 267
438 9
26 267
20 480
139 228
120 152
443 181
351 381
230 463
317 260
340 437
275 189
280 146
440 252
77 455
465 2
210 391
12 236
147 32
205 286
260 325
439 191
506 278
60 225
229 377
485 58
302 248
247 71
394 176
323 471
119 276
474 329
156 486
53 303
6 258
77 266
72 4
457 66
282 5
291 0
383 264
58 173
1 305
244 395
481 56
355 88
332 317
417 488
291 471
279 297
217 357
51 289
361 508
356 132
1 135
132 384
400 190
46 401
495 290
284 465
346 127
41 167
444 459
143 223
418 423
8 123
268 59
413 117
55 257
249 57
392 381
441 280
59 487
169 43
266 454
508 100
69 37
267 2
496 411
225 402
322 234
14 78
293 427
195 349
172 445
406 52
314 335
333 374
311 502
417 65
444 413
165 2
450 433
4 435
332 229
325 142
463 339
220 245
254 415
82 426
348 488
479 151
311 300
13 110
290 430
175 223
331 341
225 269
262 229
192 82
458 6
224 410
345 444
143 88
347 225
2 184
201 481
335 0
269 348
111 48
266 286
271 85
115 496
354 377
213 35
459 159
41 171
57 386
103 200
474 451
425 477
123 114
446 458
115 204
294 226
252 48
0 11
133 116
507 487
493 208
10 441
367 51
100 425
438 204
113 400
143 27
365 266
141 300
212 256
504 506
482 244
42 483
255 175
87 250
150 68
458 161
509 313
212 98
226 138
302 340
27 445
367 392
199 508
180 411
253 172
405 223
416 447
194 159
110 281
409 260
350 355
421 347
157 122
445 383
260 235
211 287
168 66
168 367
63 348
266 316
9 159
27 425
94 222
73 204
503 482
465 341
326 374
177 483
496 110
354 245
346 54
20 2
120 188
370 183
25 124
499 34
284 15
459 378
237 20
71 228
503 24
58 317
398 235
288 383
345 130
116 179
184 136
182 305
325 40
488 350
164 476
384 448
491 331
315 216
352 386
444 343
410 502
148 296
225 436
167 59
54 283
238 239
420 420
32 233
460 8
71 113
484 455
49 463
274 364
167 114
238 100
457 136
90 93
433 316
17 88
375 72
372 101
311 280
10 343
1 470
351 72
71 324
15 121
275 289
485 443
404 212
31 349
348 121
443 269
437 460
358 300
20 218
402 331
498 412
162 499
370 2
59 442
326 74
51 89
363 24
20 255
236 51
93 73
173 24
342 98
484 188
399 505
406 289
324 392
189 487
379 47
489 438
489 303
0 28
392 364
53 413
107 289
464 200
362 125
224 193
224 197
381 111
190 276
400 2
156 77
489 24
124 466
462 102
257 463
130 138
315 183
39 422
473 503
111 323
117 335
4 341
20 386
452 210
150 340
213 306
417 190
330 29
145 281
131 402
232 262
28 35
445 67
457 406
59 56
218 176
392 222
5 412
96 457
111 246
285 324
41 190
2 371
219 147
140 351
38 372
101 66
407 34
134 353
441 193
409 147
369 289
369 374
190 466
319 301
200 92
113 241
282 115
101 501
263 241
340 301
102 441
367 509
476 501
350 405
182 248
40 39
25 409
413 215
363 220
4 52
312 117
293 82
233 394
72 496
124 412
285 226
342 140
223 306
130 62
199 312
310 239
352 335
136 253
39 500
474 43
40 274
161 333
357 394
216 429
378 340
329 151
54 159
291 277
465 421
339 152
222 137
391 62
473 16
315 0
4 277
43 44
40 204
377 397
86 81
314 464
421 131
103 475
291 395
241 244
304 68
397 14
206 276
76 167
292 392
167 296
157 210
340 197
415 206
82 501
287 396
454 197
16 45
160 307
440 401
39 233
470 436
247 164
201 324
331 493
204 498
278 361
196 106
47 99
312 129
89 88
14 31
285 30
76 445
337 5
335 376
238 293
301 485
457 502
297 276
483 501
262 249
351 458
356 398
46 156
15 135
244 29
166 17
59 242
463 396
247 286
261 485
67 50
459 12
40 244
288 11
234 38
261 73
496 105
471 30
261 486
165 506
4 331
11 63
62 474
460 309
248 209
283 315
259 230
327 299
474 103
310 196
141 59
269 126
164 228
156 426
203 322
420 207
141 431
270 203
394 218
1 130
427 284
446 174
2 261
473 476
365 272
161 506
331 430
120 496
147 277
410 350
87 318
45 228
237 315
432 119
22 433
250 449
205 184
112 207
445 73
171 298
345 332
293 165
251 413
149 398
178 47
236 265
365 281
494 90
84 414
210 106
335 460
44 28
132 156
235 65
229 406
364 63
227 145
228 478
46 377
364 225
424 88
490 277
369 472
367 453
374 65
48 197
13 92
225 145
248 460
211 477
355 63
28 70
208 256
36 254
121 400
479 33
488 458
310 345
418 166
286 281
231 334
478 245
426 192
390 162
140 89
128 495
152 156
53 360
413 89
103 22
489 70
56 465
16 366
298 435
20 73
204 252
407 170
497 322
362 375
484 503
465 100
486 105
257 28
466 158
117 57
180 95
127 236
48 144
91 347
67 111
420 271
363 315
441 348
125 292
212 98
283 165
198 257
270 455
285 224
101 403
281 282
498 409
6 34
41 97
381 108
209 289
379 60
93 308
409 218
88 109
316 371
274 3
117 32
458 402
257 48
293 26
330 279
435 336
314 476
434 183
72 131
473 451
191 54
248 88
272 336
197 77
196 471
80 313
504 26
203 249
74 497
275 404
264 199
229 66
163 151
250 236
282 211
175 473
265 423
50 25
248 247
102 444
207 182
245 199
209 448
448 283
433 211
176 186
410 405
252 62
44 502
298 326
201 473
287 466
385 337
492 121
73 82
53 280
265 298
479 474
234 415
245 156
114 421
342 13
314 82
75 358
73 373
172 274
334 460
229 207
285 209
328 358
291 381
126 44
167 93
6 402
508 252
46 111
161 388
124 476
470 199
322 31
60 495
306 394
443 23
90 216
232 418
63 11
288 189
56 455
283 62
345 279
314 391
390 476
267 2
440 226
201 250
257 261
233 51
144 164
74 234
381 306
140 444
318 428
121 374
372 404
436 205
172 239
85 50
203 352
53 131
66 254
381 324
4 103
375 148
267 450
382 136
244 10
68 50
439 190
424 299
82 349
504 254
76 77
305 279
430 358
410 496
100 279
308 104
382 172
252 138
110 122
274 354
133 343
405 60
21 317
359 103
154 351
358 230
429 151
509 347
509 407
331 97
175 128
202 45
300 454
183 410
65 458
252 198
289 145
258 310
463 105
413 105
456 259
336 373
410 333
208 407
229 28
505 404
156 195
449 456
137 121
354 202
67 94
400 356
240 146
154 191
251 55
296 196
315 120
57 213
454 266
109 171
294 102
63 450
297 0
394 434
121 236
125 188
330 13
32 58
160 186
249 411
242 34
95 45
154 153
258 96
419 367
267 201
469 330
139 254
331 21
177 452
257 302
129 75
315 161
134 475
348 383
375 78
417 470
123 60
111 381
156 18
237 424
219 194
242 358
449 61
379 114
2 124
416 131
200 219
292 334
183 128
205 46
206 111
4 329
171 116
199 327
134 436
239 354
118 482
200 55
31 68
169 33
192 73
164 392
293 457
214 476
73 420
10 280
19 14
97 190
130 296
5 265
220 245
107 339
215 307
394 246
375 52
280 56
125 444
448 418
389 151
382 463
59 392
231 78
407 328
268 25
113 273
290 333
6 397
160 221
193 43
468 56
95 236
112 220
168 49
127 46
200 509
509 259
390 228
337 285
44 93
310 157
366 89
491 373
486 139
82 167
182 38
224 277
274 336
498 443
385 113
489 73
110 486
332 500
202 157
273 246
250 72
404 105
161 383
478 135
10 48
303 193
87 15
470 361
351 456
292 225
57 269
298 168
243 119
156 445
276 430
180 15
502 72
120 151
455 86
286 465
134 77
146 221
92 105
71 444
49 363
157 107
121 455
275 364
62 431
298 339
349 478
354 339
38 474
490 493
48 265
446 182
342 81
404 435
186 475
367 235
326 12
342 447
467 105
300 18
25 86
357 374
52 199
202 90
161 180
71 209
445 5
391 276
86 283
199 272
246 54
508 61
66 338
508 21
444 296
39 469
382 396
331 434
83 21
12 244
202 83
453 135
89 333
411 175
104 98
448 351
152 444
412 218
270 408
240 202
193 279
159 63
164 491
498 247
0 510
492 202
82 433
338 171
254 237
346 359
336 282
198 488
214 98
195 485
506 435
175 187
202 335
251 366
314 237
102 314
235 82
5 317
3 343
488 258
68 323
105 404
93 303
381 308
401 64
281 395
499 456
71 189
279 322
44 81
47 146
396 282
228 401
88 231
232 64
489 300
387 82
193 481
385 62
277 274
126 46
158 113
502 229
302 270
39 346
351 86
492 235
368 208
124 456
440 356
9 417
145 396
500 338
365 373
400 130
136 14
176 294
127 167
11 429
437 50
264 276
136 244
0 504
453 124
449 381
481 458
286 114
342 274
452 196
136 340
326 272
354 503
54 481
158 65
398 83
115 150
359 251
395 359
243 336
484 180
205 453
126 491
55 469
254 507
153 390
335 479
150 177
470 204
146 116
269 32
199 384
183 47
123 66
406 366
402 378
35 95
319 161
74 374
118 328
369 271
206 192
239 356
369 197
48 3
314 317
36 1
189 219
48 312
285 455
167 175
321 202
270 129
363 344
503 482
161 361
241 367
41 480
212 411
166 260
414 480
66 450
481 255
157 18
56 442
473 223
105 282
425 375
411 276
208 403
246 369
252 488
224 293
456 436
192 110
185 95
78 251
33 48
506 191
66 50
121 27
273 227
309 186
90 209
463 298
100 197
155 352
173 380
133 118
304 326
228 489
421 307
228 454
355 223
133 421
273 255
448 35
482 245
221 60
454 172
359 42
370 2
394 31
382 16
149 175
342 378
152 251
173 381
193 16
92 327
437 365
70 373
400 40
106 110
100 49
282 459
91 140
462 486
172 332
502 321
507 332
187 148
71 360
17 264
376 109
79 301
474 149
162 363
189 269
473 290
318 243
237 409
384 187
383 44
8 373
365 3
193 41
151 264
401 168
17 266
277 96
55 240
246 218
91 435
487 52
213 293
295 451
190 167
126 62
211 134
435 65
138 117
106 289
381 507
458 398
261 223
495 317
463 229
23 42
152 510
94 366
291 390
305 481
45 431
31 257
54 467
322 192
72 428
481 453
423 427
340 173
139 323
490 90
40 1
133 192
511 227
46 290
105 351
259 151
271 291
408 325
246 218
5 318
134 486
259 45
402 87
218 29
410 196
119 450
197 252
131 196
480 177
486 73
17 234
224 288
13 120
101 259
338 106
65 472
80 324
6 482
412 224
511 310
421 119
249 106
371 380
303 339
45 277
413 62
511 125
350 12
246 451
271 72
45 336
33 126
149 39
96 49
263 96
359 172
215 96
279 74
476 70
414 10
347 315
72 347
440 423
359 174
362 119
247 408
455 280
22 92
319 118
141 70
214 501
243 429
85 10
504 50
80 406
60 427
209 132
262 137
43 110
312 406
229 47
302 172
327 324
265 134
442 406
204 145
395 447
62 481
457 54
19 25
460 79
453 157
211 203
295 255
313 95
149 30
142 451
203 469
263 468
91 193
362 295
338 246
231 401
215 176
455 234
202 404
313 143
49 12
346 344
267 148
439 416
178 69
355 381
26 106
337 117
300 188
413 126
434 132
15 137
308 471
371 510
363 172
141 412
184 488
245 452
124 172
356 302
242 200
172 268
306 509
386 94
185 287
221 107
419 236
244 215
195 103
214 46
275 355
459 460
331 192
400 455
364 244
246 94
444 418
363 239
415 237
333 89
12 42
196 431
279 441
134 474
32 348
9 308
192 468
256 11
148 144
467 0
388 201
95 321
107 458
48 10
183 381
99 195
424 296
114 191
225 248
153 257
85 162
53 277
118 309
288 266
453 243
267 330
444 362
139 39
308 187
50 491
56 149
174 480
445 288
159 158
24 313
416 109
475 469
386 82
267 163
348 208
406 103
26 339
465 165
378 261
352 428
240 409
66 414
377 511
190 25
158 215
338 62
324 301
19 199
383 286
362 220
495 256
323 9
83 277
175 462
26 15
378 267
424 444
169 290
444 360
315 90
63 141
152 387
442 171
74 314
458 436
22 441
181 345
450 264
110 113
214 137
129 81
404 41
13 61
331 457
421 134
35 484
275 187
360 206
359 434
8 305
359 30
234 28
375 172
292 486
286 507
111 415
76 3
456 89
64 276
35 486
410 70
458 174
258 306
380 105
229 388
410 76
418 132
104 281
304 396
255 78
391 366
493 467
369 438
45 434
202 80
408 100
150 354
274 408
149 142
1 378
18 411
454 436
31 46
206 336
442 461
414 322
316 396
277 173
322 322
95 12
402 503
112 41
346 387
449 495
17 451
361 36
350 303
472 382
349 166
206 279
116 108
89 432
504 367
93 314
177 189
326 68
180 439
109 14
314 46
509 331
497 358
367 336
149 328
206 498
494 412
266 98
8 355
18 1
210 112
315 388
301 130
456 481
57 53
496 371
99 493
190 85
340 46
421 489
374 115
476 356
15 230
455 23
73 473
24 284
73 340
160 374
470 104
344 15
157 328
386 256
309 64
341 137
110 250
115 484
365 79
329 380
309 272
404 382
233 428
154 307
256 314
169 214
418 1
229 63
329 103
320 127
168 149
264 278
400 379
251 253
458 68
122 255
340 14
126 61
442 280
368 187
83 26
401 501
27 119
53 357
222 373
484 390
10 236
157 410
104 408
152 50
476 274
306 304
288 432
365 218
200 222
405 283
248 295
273 275
414 326
120 124
187 92
3 197
329 160
96 433
56 248
483 20
10 277
324 298
197 177
4 398
399 410
169 135
193 442
411 95
256 19
219 443
112 222
129 441
382 225
362 438
473 333
458 483
99 270
269 296
448 273
182 335
171 352
471 364
282 370
459 27
389 167
470 501
389 87
430 260
312 280
186 273
102 133
244 201
403 1
497 339
275 168
163 446
8 122
299 290
492 246
317 369
413 276
359 291
363 277
39 164
46 225
437 148
358 170
349 250
171 334
77 446
502 240
381 510
362 168
289 342
414 94
200 316
370 47
95 222
324 134
386 370
359 311
6 206
481 355
456 141
178 21
75 168
262 456
167 112
112 456
455 15
38 143
331 409
190 426
119 2
48 505
373 407
304 379
101 274
223 45
415 401
67 490
57 329
435 224
441 35
168 384
50 207
15 381
104 205
295 223
208 343
216 69
239 8
448 340
282 159
386 185
48 453
164 106
270 87
330 199
122 499
72 173
194 87
42 298
293 338
9 501
169 225
58 408
233 506
237 4
154 111
189 202
52 353
308 322
440 127
9 51
114 81
224 308
169 266
94 462
92 103
451 262
328 509
158 49
503 395
53 145
506 243
348 46
84 144
368 13
271 378
64 385
459 288
181 116
42 275
66 135
378 5
397 194
2 43
244 506
439 297
139 433
28 487
480 113
120 336
126 391
202 190
265 150
478 446
266 8
210 333
143 76
338 28
271 341
72 3
335 511
300 474
432 329
450 400
442 58
225 56
449 427
246 202
65 212
137 332
220 347
153 364
423 491
392 182
320 464
185 143
463 486
106 384
303 44
272 233
102 497
289 39
413 23
242 478
235 379
298 455
214 451
307 125
431 188
308 239
140 493
383 92
467 489
476 258
21 236
491 123
222 268
162 123
291 404
89 14
271 388
470 485
327 265
99 246
453 407
486 82
388 357
174 344
334 138
90 355
374 70
478 84
338 128
207 118
21 297
132 292
173 90
266 500
356 365
235 297
260 209
379 136
54 41
480 388
179 59
231 42
129 197
126 467
325 334
73 346
119 206
127 292
296 393
280 140
246 3
438 506
212 305
130 266
347 99
142 14
158 373
56 287
58 183
242 384
5 316
218 124
10 345
416 306
226 184
447 472
188 373
466 400
166 85
155 1
184 297
16 342
159 72
117 217
255 359
89 260
163 308
384 173
141 288
480 368
473 415
328 149
276 283
37 442
368 192
444 40
490 460
382 137
20 499
354 276
346 444
24 510
240 409
171 381
185 139
237 146
42 54
295 318
337 333
249 193
13 181
233 503
129 103
128 149
90 483
425 436
415 450
434 143
347 94
12 20
233 250
167 276
304 462
82 129
283 331
322 297
0 43
288 129
146 417
279 236
388 192
160 291
130 83
434 477
177 446
498 410
184 153
174 488
103 257
105 387
76 427
172 77
470 460
206 104
365 485
340 241
166 501
20 296
72 454
262 249
389 248
147 61
401 322
38 504
67 143
379 143
59 39
220 17
500 427
122 353
400 462
83 54
451 103
351 11
46 101
260 435
349 408
496 238
218 22
230 285
166 98
428 225
137 137
242 125
52 364
479 452
315 50
507 254
153 346
266 199
447 14
122 284
422 107
10 128
129 240
413 295
338 330
8 476
467 251
89 7
103 56
459 418
106 454
161 260
288 427
459 223
441 70
507 352
177 5
480 306
246 382
90 72
200 98
36 155
349 126
162 453
182 109
359 289
52 8
37 340
435 496
52 365
54 47
205 231
53 173
26 299
43 116
371 243
214 408
398 52
22 48
505 204
158 352
493 210
361 18
38 284
3 90
137 57
138 342
289 191
4 315
490 47
431 349
291 133
245 177
185 267
226 178
472 384
19 453
82 380
472 120
152 475
211 290
20 349
120 309
28 124
112 6
172 31
355 463
165 89
128 350
356 354
17 316
226 36
258 308
416 218
429 56
181 128
346 201
477 467
511 505
79 111
511 251
143 354
202 308
443 331
146 288
173 163
92 400
199 350
196 103
56 113
160 237
241 506
439 206
461 438
199 29
37 198
280 180
41 483
488 484
302 123
260 475
286 353
363 486
191 48
77 248
161 237
485 403
232 412
97 181
338 297
210 376
495 491
44 24
462 21
509 252
144 257
215 430
98 67
404 290
115 482
26 276
207 511
167 439
412 265
109 238
50 319
102 33
298 147
58 248
168 55
500 312
312 204
230 411
271 123
189 386
93 215
150 300
214 318
228 114
71 337
353 121
144 455
154 443
90 212
179 258
267 168
58 68
372 289
479 131
412 156
5 505
371 155
293 73
473 9
188 32
346 29
153 491
484 308
422 63
8 89
321 276
257 380
344 117
157 311
248 57
467 253
50 326
409 343
399 370
353 75
403 187
104 44
166 77
352 76
140 361
166 461
125 423
329 469
29 486
268 277
31 223
19 81
37 428
425 436
286 266
0 177
453 104
222 108
181 62
184 321
423 350
271 36
262 88
505 291
63 261
56 94
484 75
176 9
503 89
446 278
355 446
455 296
38 165
404 220
228 77
29 139
427 300
176 177
389 169
468 452
431 13
34 403
88 210
413 80
299 347
358 142
281 301
439 319
467 331
27 183
408 57
322 324
357 498
501 234
156 458
174 75
471 209
478 47
419 379
127 207
214 485
349 495
275 276
303 230
96 330
413 504
387 223
316 233
210 306
467 366
252 130
441 211
339 407
258 246
275 386
453 489
359 291
473 122
55 264
352 151
82 253
144 470
477 460
191 175
254 146
29 506
276 470
205 103
365 464
350 128
338 291
106 185
70 67
308 126
331 148
277 413
402 421
371 367
370 50
30 112
197 59
107 473
17 312
65 382
264 415
511 90
194 105
276 265
172 72
391 503
220 156
404 110
66 264
477 436
314 507
36 511
54 143
473 71
456 26
454 208
441 453
299 123
46 63
388 218
135 267
209 355
424 101
466 490
365 431
414 168
427 450
167 481
82 128
41 26
154 495
234 83
436 21
207 482
84 83
188 219
351 397
63 263
498 17
241 352
448 143
8 363
81 175
333 163
304 374
189 458
357 424
30 281
445 237
251 18
320 439
237 159
324 300
422 310
317 151
150 254
294 158
105 376
334 438
27 126
300 217
72 145
129 102
426 62
339 165
80 148
92 318
307 416
106 218
215 424
369 365
166 152
12 271
16 346
198 43
472 498
260 32
132 389
135 46
452 474
212 20
110 304
338 418
209 445
124 424
357 493
277 11
133 289
282 149
123 480
193 83
467 453
116 87
331 251
133 271
213 345
291 324
138 118
230 347
51 354
259 408
335 24
419 469
314 189
106 437
158 299
9 113
241 125
200 60
376 333
331 77
167 110
401 305
228 119
140 279
473 399
175 297
423 82
254 225
272 360
151 430
148 160
31 389
285 231
449 149
52 268
226 219
378 116
12 95
235 152
374 197
39 38
494 463
120 236
176 392
84 327
310 232
487 341
109 260
60 46
409 113
314 124
332 181
240 345
276 475
497 138
160 25
176 142
488 297
378 152
177 463
480 488
183 455
317 293
204 378
339 101
491 142
225 311
323 465
144 87
429 130
225 77
155 402
220 131
187 86
283 364
37 251
340 221
195 146
2 399
12 341
500 503
483 214
302 294
167 447
381 84
65 95
162 220
497 382
351 172
468 122
24 506
374 365
215 57
511 217
456 11
46 444
2 18
146 304
312 314
239 182
398 304
277 48
12 262
430 363
434 387
486 458
381 348
311 84
405 310
301 349
321 347
281 323
365 428
116 166
230 355
348 116
148 113
165 160
375 83
12 297
470 498
243 339
334 43
423 227
353 212
64 163
48 345
486 413
261 90
67 491
446 415
96 82
16 261
242 391
344 254
176 303
240 420
130 62
463 42
289 304
254 353
467 302
187 442
204 448
20 271
428 466
175 12
36 191
273 279
71 105
21 247
408 262
155 27
324 106
69 102
411 323
455 366
114 130
296 318
67 317
77 495
271 252
507 308
444 268
75 3
373 96
250 270
358 406
297 171
0 366
273 411
177 216
266 291
347 50
97 414
367 175
397 127
427 392
435 359
148 510
362 9
94 101
279 453
507 64
112 507
430 385
407 96
89 161
387 436
211 485
338 67
148 223
194 63
103 117
423 251
115 273
261 209
374 28
150 369
93 262
365 11
135 260
107 225
421 495
149 120
468 488
187 104
199 381
167 303
498 78
42 101
352 303
311 214
332 461
72 425
212 437
436 347
185 32
60 94
15 210
214 483
186 402
75 385
271 242
176 258
321 219
359 161
10 158
375 342
108 447
255 320
372 180
155 45
212 216
139 227
426 354
198 100
244 273
485 3
3 150
261 324
369 109
485 379
267 349
210 375
284 465
183 145
133 339
190 345
43 330
60 469
172 258
57 416
19 30
419 23
180 169
347 37
278 321
417 33
158 115
409 442
68 80
75 202
419 266
35 462
84 96
419 256
354 476
160 374
507 67
397 175
236 232
213 2
41 118
36 199
233 445
130 301
13 205
503 433
471 27
383 43
123 291
299 477
255 459
339 250
15 224
426 251
457 127
254 498
245 290
186 478
223 316
267 236
9 259
157 481
286 29
12 409
320 312
374 63
259 202
314 274
426 228
14 371
355 268
358 88
46 32
54 269
348 321
505 357
68 151
326 354
180 339
251 500
139 114
51 398
316 365
161 230
81 175
90 436
443 448
12 489
480 66
246 316
388 239
161 456
390 488
299 58
315 38
46 454
152 98
340 468
463 501
187 33
164 277
469 95
213 482
72 181
36 318
497 424
46 146
369 436
122 156
495 437
194 29
379 347
127 208
303 79
197 490
112 362
255 69
457 468
39 18
137 76
336 122
500 382
269 357
307 391
1 290
317 196
319 184
31 447
392 334
14 78
313 126
440 56
195 385
13 235
403 150
311 228
273 299
98 30
145 405
421 146
183 226
342 503
411 373
438 291
196 452
369 509
66 297
53 261
171 66
496 62
217 295
290 490
83 389
8 228
282 429
374 466
144 205
457 43
66 383
334 262
323 192
259 389
489 313
138 148
379 123
211 84
418 501
62 501
378 70
217 149
500 80
103 132
285 48
175 351
431 509
102 242
189 361
119 167
162 257
315 30
380 14
114 287
4 177
276 382
247 494
19 235
62 122
367 347
170 30
186 89
28 288
331 217
138 450
384 300
196 188
330 64
202 445
351 206
110 116
77 357
98 96
81 160
219 448
507 389
479 181
479 507
470 298
212 96
237 85
396 433
273 215
497 475
148 337
170 258
453 247
103 39
343 184
199 50
121 194
440 88
375 407
83 333
193 295
429 430
380 314
351 141
17 337
105 165
162 275
423 103
10 14
142 353
199 341
404 320
23 332
408 398
227 491
220 420
274 137
339 143
451 178
284 468
3 389
121 165
152 32
268 162
47 410
4 246
239 408
54 262
228 462
149 455
441 369
363 203
506 190
346 446
369 119
402 372
508 12
26 149
44 294
311 91
193 315
337 432
211 391
183 439
341 332
382 270
189 234
474 183
424 308
117 281
427 8
142 424
20 168
61 64
462 372
156 143
176 493
64 387
373 247
315 202
67 185
473 256
419 435
439 332
231 45
101 147
53 243
59 73
411 120
137 362
492 293
505 156
275 57
32 136
304 347
338 371
20 299
115 440
222 43
260 454
88 361
89 141
93 148
214 504
268 351
354 248
133 348
405 408
405 437
32 198
272 370
57 292
158 173
220 380
216 480
322 304
330 411
445 423
47 147
415 315
498 258
52 119
94 457
15 499
382 47
185 142
418 243
434 64
416 143
444 120
111 255
424 441
154 357
352 202
504 256
5 490
2 57
98 96
2 113
83 384
161 269
14 67
0 449
131 416
80 63
24 191
318 448
121 473
293 473
163 285
217 168
263 219
226 361
315 228
475 399
101 124
156 115
191 156
52 322
60 132
385 84
324 192
20 445
153 313
406 316
86 112
484 349
331 198
199 135
427 162
22 16
286 178
131 477
334 184
287 394
316 160
478 128
352 498
61 505
299 468
309 385
68 282
222 399
480 421
22 395
71 44
411 357
222 31
322 44
215 97
438 19
258 404
148 98
390 209
92 177
165 401
50 233
171 273
121 140
182 143
23 254
188 435
99 410
466 422
455 169
7 381
188 265
274 336
364 152
34 456
330 199
345 380
433 5
141 42
145 324
185 168
66 373
91 165
272 45
75 215
214 83
84 403
348 358
227 200
511 261
144 329
461 490
197 382
495 339
424 128
151 97
296 217
471 388
382 231
433 458
446 136
29 18
27 377
377 254
66 376
4 210
193 465
188 390
335 171
217 247
299 368
344 84
73 303
472 456
22 393
402 468
17 431
487 44
296 352
299 362
216 303
61 409
256 249
287 79
421 505
326 208
361 158
292 435
462 252
379 484
134 269
441 151
188 416
196 484
256 495
335 472
286 396
369 30
133 144
109 42
137 435
251 499
81 31
422 31
284 289
4 418
46 445
57 234
349 253
206 93
236 29
53 10
425 422
40 47
54 149
89 192
72 340
179 154
372 89
185 144
378 189
50 424
122 107
146 471
361 352
52 85
382 105
96 295
15 136
342 70
286 432
262 358
260 441
0 120
18 186
264 396
375 314
308 498
422 454
457 271
294 510
356 164
103 452
460 119
77 290
189 363
210 451
209 471
380 210
79 398
396 344
282 259
146 78
245 56
20 191
327 314
189 172
479 292
112 427
411 189
205 88
40 416
27 250
375 407
460 454
293 344
286 63
91 433
141 337
489 161
16 305
476 205
477 443
497 77
358 397
267 51
485 307
467 1
45 330
408 505
273 190
337 47
253 429
480 395
254 458
44 270
251 8
475 216
451 460
293 297
345 48
349 319
356 304
320 401
123 216
395 396
406 220
443 148
137 412
31 391
358 75
149 97
84 112
313 23
61 94
321 406
143 158
213 499
462 21
388 73
238 271
469 132
492 401
280 117
301 311
509 147
387 146
244 471
259 45
494 320
139 303
214 282
461 428
269 412
449 146
485 175
417 443
308 397
332 76
3 121
388 0
268 263
146 0
222 405
45 204
213 184
508 428
467 457
344 224
357 281
370 331
457 276
262 253
161 82
329 164
203 205
164 471
468 311
471 178
204 4
383 418
188 379
334 143
324 166
368 170
447 226
501 392
502 251
133 152
333 463
316 24
156 481
495 113
280 454
291 484
458 162
390 134
29 212
278 354
378 134
12 314
360 1
194 351
252 328
503 73
279 307
97 435
276 80
36 44
22 328
17 480
490 407
102 8
108 380
362 486
2 374
288 363
375 483
202 115
299 193
188 66
500 285
501 265
365 26
309 387
354 326
355 332
222 457
340 330
326 190
304 328
52 81
179 427
52 381
30 351
62 218
417 51
503 406
316 356
432 113
231 274
440 74
95 150
20 435
480 346
114 272
162 166
353 342
82 405
211 112
244 274
331 149
325 322
44 129
167 476
242 398
239 170
473 334
320 493
257 288
327 371
49 489
26 402
319 108
296 19
220 28
293 39
178 106
362 222
235 17
186 477
415 425
136 376
247 456
357 505
233 172
364 282
150 390
172 469
498 468
488 207
497 269
246 163
375 96
385 98
113 59
64 17
485 200
393 220
144 239
213 377
411 66
147 49
456 320
7 443
276 495
138 261
253 384
424 116
481 297
215 82
357 279
99 330
479 493
38 111
220 252
489 119
318 124
169 262
444 176
193 209
159 331
470 412
204 383
17 173
168 232
255 13
511 355
343 478
336 382
77 44
122 54
163 440
179 332
190 111
508 384
320 156
203 279
56 407
150 73
68 318
305 324
332 304
167 163
270 503
33 348
35 155
402 198
83 69
19 274
181 15
146 501
171 349
268 228
245 418
301 313
225 95
125 45
399 292
208 158
283 242
506 318
397 396
5 481
466 24
243 135
39 389
124 211
226 393
439 471
299 228
273 12
323 398
57 211
179 266
369 462
508 363
269 393
247 274
362 201
298 93
336 337
482 461
36 197
342 475
156 129
192 429
142 3
316 199
214 495
465 71
445 461
434 202
343 170
476 193
371 262
287 196
88 257
145 124
454 487
88 99
104 280
16 246
283 332
446 498
315 399
57 249
349 492
451 180
150 416
373 9
166 148
205 254
406 350
379 348
325 467
447 430
235 464
164 6
284 98
504 88
498 50
337 335
30 276
3 180
180 376
189 347
13 395
89 419
233 468
255 47
423 191
477 146
143 129
153 427
228 145
3 214
195 340
37 225
105 40
405 285
416 83
120 429
478 210
336 199
166 80
246 78
271 211
224 414
341 377
329 57
11 333
271 206
161 308
432 266
348 325
40 252
408 160
170 374
370 506
62 25
74 308
103 345
8 327
247 349
193 65
406 204
398 165
410 47
473 330
314 309
144 354
49 40
2 219
415 373
214 477
398 288
273 501
122 281
316 369
118 509
434 12
201 320
177 100
368 138
430 170
447 62
12 497
103 14
204 6
387 418
483 273
195 244
262 317
14 67
174 132
64 97
145 266
417 322
366 273
461 284
443 396
347 455
381 450
470 74
456 345
492 427
107 175
159 369
492 173
436 155
306 501
252 451
255 157
261 109
431 210
393 362
95 228
306 476
166 264
38 110
97 19
25 204
194 185
62 175
358 498
330 152
487 70
91 230
227 353
339 146
51 221
509 146
449 303
111 104
55 149
214 152
168 240
357 363
425 419
26 271
405 356
424 381
426 3
99 141
356 439
288 408
148 285
42 85
76 153
189 131
303 404
283 471
132 128
322 45
35 348
316 441
192 228
310 106
232 409
248 76
336 24
484 484
309 15
58 385
168 247
4 471
139 287
431 271
416 241
316 451
78 121
380 270
349 178
377 69
76 113
146 412
137 118
385 446
133 443
319 302
178 323
261 318
98 180
77 2
422 394
454 500
3 322
258 352
501 123
422 65
236 56
477 373
174 350
307 308
281 114
98 460
437 359
266 24
28 343
26 450
225 480
438 228
291 184
69 280
308 491
345 32
35 310
406 209
149 201
5 430
316 103
378 241
463 132
265 491
476 292
429 189
260 355
418 39
27 487
319 335
466 152
368 501
463 262
198 100
463 204
18 267
307 397
509 258
17 262
237 493
42 154
171 303
509 77
342 25
52 150
360 6
302 216
507 253
478 193
353 430
397 372
185 193
257 182
451 274
445 177
256 487
331 427
278 329
504 109
354 44
259 202
50 49
419 45
303 385
238 144
303 124
4 489
317 261
159 256
24 92
433 280
68 253
195 346
70 187
455 424
231 202
114 281
252 21
326 43
407 52
187 198
176 192
175 493
453 335
238 477
427 159
245 495
412 440
330 482
115 273
394 346
476 509
115 216
18 441
259 425
494 446
112 158
126 287
140 68
110 378
33 26
25 279
9 438
207 339
408 323
101 291
157 65
288 273
281 306
202 28
220 184
474 332
343 89
107 483
157 218
349 190
244 374
469 253
300 165
81 197
488 182
488 133
247 264
406 16
58 97
44 278
281 6
98 112
95 206
83 252
424 432
443 156
295 400
409 83
53 490
280 29
160 256
163 407
8 57
423 67
154 467
345 436
474 444
36 57
138 120
310 50
40 241
206 335
129 103
419 183
82 187
212 242
444 375
138 452
433 49
7 75
5 353
511 479
285 36
24 423
156 334
473 196
63 167
20 193
270 439
376 352
114 76
83 46
452 221
499 373
270 506
448 275
347 448
242 120
484 267
31 128
89 504
324 153
159 344
346 430
271 210
270 386
286 353
432 226
62 419
87 333
414 24
96 249
472 339
370 444
94 401
60 183
394 384
336 41
217 170
471 488
380 230
362 155
71 283
381 134
190 469
467 92
493 51
342 453
390 200
385 484
89 445
156 483
317 492
13 22
151 484
511 19
202 361
174 274
132 44
408 323
1 363
415 494
414 245
435 293
445 308
265 23
241 421
506 46
402 7
69 41
492 68
60 182
429 235
456 50
279 352
373 280
203 276
262 106
10 185
399 455
493 152
478 222
62 473
268 464
480 337
505 460
405 53
131 323
288 75
373 55
428 234
335 119
510 85
225 8
270 112
464 251
265 430
473 327
391 230
279 360
55 272
308 461
325 439
272 102
3 133
157 431
367 493
38 365
66 264
374 337
376 326
76 129
244 38
456 124
268 223
484 323
495 280
272 309
208 32
411 211
165 56
130 20
37 168
386 104
432 248
441 297
62 5
426 306
43 371
430 311
82 402
123 66
171 395
375 379
428 274
78 81
330 208
102 368
376 488
472 297
224 401
82 286
406 508
80 450
367 511
249 450
401 372
4 60
256 379
439 172
141 5
253 471
213 355
327 78
331 287
375 43
176 457
329 71
453 410
9 309
409 258
247 298
119 251
359 375
118 286
35 259
292 288
218 505
132 34
71 463
321 446
507 498
391 324
57 333
222 66
130 119
324 377
418 443
116 265
306 234
39 341
493 331
118 199
325 250
233 396
201 43
331 196
29 210
9 86
31 231
152 161
351 476
26 257
408 142
10 202
376 49
32 357
381 150
45 194
400 278
78 89
321 409
286 350
108 295
436 139
14 76
301 365
41 327
110 449
470 120
139 334
170 171
180 39
321 225
233 209
503 311
299 313
209 73
151 317
368 76
456 382
152 245
236 193
61 346
130 19
467 270
353 125
441 21
164 251
246 397
460 238
196 247
39 405
320 190
210 176
266 155
47 419
400 283
100 461
117 231
480 72
501 322
197 430
343 361
169 78
246 118
316 443
365 355
336 174
33 35
350 300
190 397
207 78
168 307
28 286
26 508
358 15
318 44
446 150
405 103
228 140
221 32
71 75
387 407
249 420
442 87
208 120
485 415
199 141
211 227
427 237
223 274
253 30
318 187
180 211
290 408
351 0
440 422
75 315
318 324
223 248
411 432
369 384
335 56
14 34
283 441
272 506
203 13
24 9
200 204
221 490
100 60
490 28
483 53
343 289
377 55
25 277
487 394
149 310
450 163
345 221
93 105
216 296
118 240
306 318
445 15
296 33
75 275
62 46
328 405
335 194
460 361
471 435
243 108
234 182
272 67
403 365
172 107
149 290
348 455
96 281
470 392
314 34
155 376
80 484
270 416
166 218
265 125
142 508
233 376
178 505
443 70
358 103
177 508
393 13
451 489
294 410
369 97
444 13
473 12
497 231
428 151
450 181
276 80
178 509
456 356
503 387
426 349
490 92
345 371
105 285
348 400
183 205
497 115
218 458
127 203
178 44
354 116
225 118
196 403
116 140
248 107
15 162
456 505
254 290
364 360
63 200
248 246
405 233
361 112
179 488
315 357
20 158
473 246
276 157
137 392
297 385
499 312
36 444
305 290
222 157
138 285
357 386
19 251
107 380
363 287
356 166
132 377
324 94
111 89
251 248
481 37
122 469
349 158
401 143
448 111
300 75
396 146
461 415
397 57
283 248
344 127
414 476
504 227
58 103
316 310
352 285
347 474
242 184
120 131
327 56
242 116
131 126
262 81
29 147
138 312
395 482
440 297
446 432
12 505
24 328
303 376
102 138
338 344
322 458
476 138
2 206
254 134
333 4
215 362
151 353
163 34
323 91
331 257
11 344
250 35
160 41
411 262
179 237
95 502
183 59
128 186
265 382
320 86
386 23
449 25
376 100
59 187
191 390
444 202
222 183
238 383
224 137
133 404
375 228
394 46
287 10
232 41
392 40
127 266
63 64
291 439
164 350
114 355
228 47
46 451
230 284
322 454
421 455
346 284
172 228
331 459
238 51
500 118
92 116
384 155
180 163
83 345
1 197
188 230
244 234
169 474
6 491
417 428
434 251
200 94
480 19
42 206
71 30
325 163
146 197
318 327
361 401
160 362
87 348
80 331
71 249
294 77
228 199
505 151
450 194
245 418
213 287
113 284
318 438
447 464
123 254
279 484
143 439
335 230
276 415
50 347
153 344
424 381
31 418
20 481
100 266
388 313
41 501
86 359
427 21
312 38
275 79
11 419
7 346
137 283
249 187
118 402
19 30
272 50
448 292
20 36
46 408
350 88
397 436
447 312
457 247
350 221
327 361
128 334
195 265
105 445
453 223
335 472
253 95
11 190
388 31
226 434
439 64
10 324
500 458
124 446
193 474
155 8
324 283
342 7
36 447
452 489
158 276
450 412
371 461
90 247
492 316
170 419
381 180
231 369
126 355
303 320
317 458
328 129
229 159
137 266
94 77
243 253
353 181
153 213
130 243
460 110
47 118
17 428
299 248
286 425
91 77
233 409
24 50
26 253
209 163
7 303
241 251
44 82
432 197
295 51
440 244
161 488
362 179
404 149
427 178
63 7
256 296
416 280
346 442
21 43
94 29
347 335
280 391
417 200
77 201
251 5
445 413
493 295
80 386
445 507
52 508
2 308
292 418
76 127
349 98
170 443
127 5
266 407
397 171
95 474
372 347
479 305
248 461
89 328
335 22
323 387
18 326
184 310
232 260
437 69
358 96
0 485
101 266
380 498
438 476
460 298
311 428
92 47
377 181
375 200
203 186
75 221
0 259
19 233
8 457
302 366
41 303
340 142
57 208
129 495
172 77
282 483
505 374
18 370
43 393
58 246
68 134
467 68
393 486
301 401
431 92
256 472
395 84
103 452
292 232
436 465
309 206
436 303
68 455
161 111
336 220
357 404
354 312
473 235
286 262
125 206
354 381
166 237
465 269
178 245
501 102
198 299
308 123
90 376
66 251
487 402
471 332
295 313
132 256
37 418
6 162
112 361
31 279
86 496
36 264
229 26
366 428
325 162
39 415
26 105
154 1
507 114
333 290
427 465
34 464
372 41
114 484
402 145
251 488
129 288
241 359
314 95
275 127
258 314
30 284
419 184
286 414
298 107
193 214
61 227
166 433
268 281
405 158
426 145
135 44
433 376
403 235
471 166
362 217
480 392
502 387
64 276
289 363
383 482
65 444
198 231
365 466
0 259
113 427
404 248
471 325
112 362
48 71
16 410
289 496
290 279
371 354
43 148
205 426
119 270
359 317
502 212
271 502
471 384
417 363
120 376
176 232
226 224
304 242
122 81
226 412
360 85
255 403
234 460
317 353
219 164
158 209
377 429
199 336
302 105
188 422
481 364
143 196
77 447
438 199
16 153
100 376
238 355
267 472
303 72
313 10
237 471
219 102
389 419
438 179
12 114
89 493
479 232
177 44
167 104
243 183
257 343
47 495
186 314
456 490
387 257
500 112
217 208
214 94
115 140
273 127
255 362
108 222
83 286
266 250
390 509
434 135
341 481
118 15
284 62
505 159
320 494
271 25
190 485
119 305
113 392
432 368
242 28
78 325
314 344
64 192
342 498
327 171
467 446
186 239
508 180
398 316
162 157
341 352
130 460
145 244
340 65
100 71
93 179
396 408
11 460
88 353
446 416
12 402
350 199
129 346
379 16
151 29
173 492
381 304
441 14
36 269
79 136
340 172
315 225
68 327
173 157
168 108
61 181
510 411
380 127
245 247
143 396
276 317
377 145
109 306
159 145
63 238
281 404
410 85
117 479
412 290
124 68
398 185
249 396
84 117
12 329
364 155
214 128
472 79
273 69
385 432
214 448
158 496
340 57
69 457
24 481
236 148
37 122
333 287
7 417
404 19
234 257
174 448
385 135
15 147
204 400
67 419
337 226
403 165
283 472
111 307
441 347
455 478
469 276
253 476
181 146
495 415
403 158
352 276
293 367
423 497
256 491
404 81
205 295
246 488
255 357
283 184
192 226
151 150
502 404
114 171
38 98
74 441
256 426
206 37
282 117
22 26
96 427
107 301
210 353
277 466
199 48
138 391
274 289
29 264
182 144
435 220
242 510
150 498
424 356
23 194
473 45
220 58
472 327
359 171
169 125
125 368
173 263
247 448
41 277
200 223
421 124
443 151
122 81
137 34
437 160
229 399
205 449
457 166
265 304
337 434
429 462
290 91
213 25
27 254
302 227
477 211
351 409
362 473
490 499
508 416
147 225
303 353
162 248
7 427
40 344
349 470
294 127
49 507
153 76
250 455
303 215
155 143
112 5
104 91
505 100
507 140
325 298
493 488
34 500
403 74
332 241
32 114
368 81
110 9
157 360
465 461
63 108
92 176
113 196
267 106
297 262
247 110
48 228
86 82
217 490
156 37
219 189
152 75
270 262
85 428
110 38
377 173
146 469
349 259
153 104
366 450
366 101
49 414
329 135
496 34
113 141
72 332
330 224
408 88
486 493
4 84
19 381
257 165
338 95
424 492
199 278
430 54
379 479
468 197
103 453
231 216
82 303
37 412
15 445
500 501
426 505
73 445
374 331
98 201
426 10
181 113
289 99
167 156
67 124
353 170
65 73
386 147
376 423
47 392
356 35
381 270
28 455
203 403
274 301
92 188
312 273
301 89
372 469
245 439
81 87
97 146
160 484
293 24
395 340
416 240
375 286
510 404
229 202
295 503
503 387
179 303
148 480
392 8
437 126
448 6
213 33
152 373
5 445
397 401
273 302
129 137
76 127
29 305
329 324
296 321
199 475
112 347
443 505
355 369
119 291
375 332
325 16
193 330
461 78
219 223
380 348
360 456
476 389
249 293
201 33
102 400
508 215
235 440
208 78
297 327
370 160
147 183
176 340
1 126
418 221
349 287
57 197
231 21
74 481
315 275
2 417
163 511
120 398
439 328
476 224
143 334
384 290
5 49
118 7
175 25
228 12
312 285
209 31
307 283
0 110
46 3
15 209
2 136
95 441
464 59
153 96
394 25
386 399
74 505
406 249
18 122
261 330
408 470
361 203
241 362
313 287
365 328
496 367
464 79
296 417
139 449
1 21
474 387
420 37
380 315
286 398
437 36
216 333
506 66
24 236
428 337
11 281
154 508
136 106
75 432
11 214
369 12
235 331
400 144
368 268
459 143
155 384
179 371
206 173
437 230
409 353
56 421
122 210
417 258
316 492
178 328
195 35
340 430
367 228
62 223
497 9
366 140
394 33
511 88
207 437
318 104
278 374
13 401
72 430
147 389
411 326
205 94
361 33
12 216
262 75
440 247
84 294
387 478
328 386
54 23
311 373
127 78
235 141
479 308
59 114
185 470
440 390
52 290
423 65
506 173
140 434
420 224
217 295
191 33
170 245
56 481
106 183
47 342
324 14
138 384
129 323
342 57
201 395
347 112
460 342
286 88
264 194
312 481
490 503
2 148
237 58
117 343
242 165
173 54
179 311
438 308
122 269
366 323
152 201
436 100
31 210
188 296
404 500
265 382
492 268
18 217
326 136
48 56
301 222
111 480
21 37
277 144
306 131
467 458
332 391
46 364
89 234
148 494
223 413
364 203
169 383
420 496
7 468
40 308
178 151
276 200
189 41
344 495
172 299
442 505
179 488
357 268
211 505
250 434
406 103
125 64
486 33
48 493
501 88
289 168
240 53
368 429
95 200
412 267
499 342
260 166
319 105
435 18
98 173
452 505
276 65
57 250
98 105
231 87
193 8
255 433
62 111
350 157
311 251
424 299
81 173
465 400
278 388
418 377
50 358
370 326
423 427
65 9
20 296
97 213
305 352
135 367
464 485
12 263
224 436
50 306
97 4
194 376
392 101
241 442
459 99
257 371
14 322
380 34
106 477
247 411
318 382
266 270
356 278
21 68
203 72
374 300
76 57
164 468
158 405
399 105
504 144
476 6
466 345
40 60
310 288
472 116
158 226
386 2
505 408
71 196
480 445
496 44
502 149
0 148
42 399
254 35
31 218
41 497
51 82
46 362
370 6
478 16
232 353
19 225
249 90
421 217
23 406
261 14
43 261
162 85
149 416
120 180
123 162
166 174
244 212
24 102
218 503
118 450
344 137
164 81
227 73
298 251
479 47
265 10
308 427
96 457
332 216
126 455
378 292
117 110
504 142
212 210
133 331
148 477
468 312
46 184
386 344
435 353
391 188
364 187
103 460
133 435
164 259
378 31
39 496
141 31
126 354
241 259
173 389
224 129
190 270
313 64
102 236
417 493
424 269
168 16
217 301
451 382
48 318
413 87
302 42
118 428
396 359
175 57
237 399
187 427
157 500
491 259
225 396
240 137
154 408
153 371
198 93
241 246
411 142
334 201
185 452
117 69
300 292
127 25
179 314
452 336
302 431
83 15
315 323
153 469
219 306
329 417
399 58
152 298
201 486
499 386
426 104
455 214
396 70
239 63
384 179
399 175
98 482
190 414
293 343
371 1
138 188
418 25
247 58
324 448
32 311
322 459
416 265
161 300
336 401
364 208
68 251
383 167
222 62
69 3
405 440
4 31
117 423
57 364
481 381
300 2
180 110
461 84
375 110
385 199
511 237
408 68
488 279
235 198
341 304
202 235
232 206
266 349
117 323
201 87
192 501
89 373
99 38
457 475
148 330
162 148
55 58
216 32
338 451
230 167
243 432
402 475
127 157
313 244
480 2
331 161
504 420
22 91
458 479
54 95
298 217
243 353
275 459
385 101
398 104
269 129
24 159
92 151
316 405
396 285
408 215
446 400
124 468
491 70
435 34
165 221
251 408
63 14
355 448
116 241
40 385
370 65
32 463
216 349
356 100
122 252
316 56
140 440
12 120
510 447
154 164
157 405
60 220
419 416
156 23
145 197
408 4
262 441
467 478
278 311
67 400
52 383
456 192
311 468
312 309
403 466
473 48
359 22
268 267
438 425
290 71
110 187
75 372
116 30
338 394
342 405
282 394
276 226
74 75
182 387
385 73
341 346
122 189
368 390
456 294
303 234
366 413
421 441
273 25
472 100
419 302
505 189
184 270
415 258
345 85
133 218
159 475
53 281
152 421
159 96
204 463
330 58
364 240
499 126
265 459
226 173
249 219
362 433
489 266
180 323
351 313
29 510
276 82
279 428
504 439
12 196
390 343
254 242
71 241
368 336
189 82
509 438
302 360
360 279
114 28
90 465
341 120
464 106
202 231
22 194
158 35
390 36
378 132
279 449
374 135
273 51
218 271
489 8
119 337
287 233
365 378
186 195
498 138
301 188
370 323
383 16
358 261
53 224
394 332
161 256
467 435
307 173
194 284
181 313
110 469
34 475
335 220
158 321
359 459
509 217
271 380
233 117
130 286
342 12
106 503
268 62
426 63
235 108
347 417
421 457
374 455
421 197
164 67
6 11
15 3
228 286
384 461
403 2
236 233
14 342
225 282
404 139
345 128
248 180
33 157
126 407
101 35
92 265
102 98
276 117
101 504
403 485
453 295
487 177
16 501
8 241
271 412
381 104
28 117
285 61
274 411
468 375
446 48
128 36
146 404
154 248
396 45
221 338
340 197
3 357
186 11
86 458
424 467
50 452
72 335
2 347
234 470
210 168
7 339
205 153
231 359
401 116
404 111
454 233
308 457
78 494
469 164
440 381
120 491
321 192
314 323
27 37
282 238
205 289
65 410
442 296
257 332
412 150
443 354
383 239
300 461
221 257
113 150
126 233
129 447
426 443
259 453
480 29
179 174
318 244
72 248
29 330
68 441
480 511
284 351
238 72
300 460
329 413
98 455
135 227
390 49
158 137
502 127
166 170
301 484
414 373
221 443
191 289
373 159
289 145
510 15
217 298
475 34
200 61
489 335
288 367
384 447
505 374
62 159
32 363
132 447
224 353
378 416
130 239
63 419
384 62
435 89
360 398
123 48
460 100
383 236
468 255
171 461
118 233
108 150
84 240
85 309
81 464
213 212
191 276
119 64
338 42
153 187
441 277
235 389
377 107
113 333
362 285
282 480
6 391
119 91
119 204
400 201
156 101
413 348
377 20
412 204
63 53
391 504
330 114
381 196
221 494
17 72
267 300
40 274
179 159
365 298
364 253
499 8
354 400
356 219
421 256
423 484
310 302
476 128
417 345
324 126
327 342
198 83
130 239
357 309
398 210
95 250
463 83
259 305
483 103
12 392
360 436
364 158
226 328
286 131
161 99
258 489
441 456
60 59
183 417
368 70
115 463
320 66
34 67
371 6
171 383
398 19
307 251
177 22
67 463
153 229
50 411
206 491
356 266
38 27
171 406
97 286
358 418
352 392
485 211
398 144
82 285
163 390
24 340
412 91
292 53
320 342
465 14
322 309
280 360
336 451
255 434
225 101
340 65
493 313
276 380
458 359
153 109
237 177
450 137
268 230
190 77
60 143
91 382
452 372
231 277
311 486
199 25
75 27
90 56
340 367
436 286
214 77
396 451
254 334
76 11
52 266
88 112
410 179
495 350
39 214
115 351
188 314
376 263
341 466
319 170
321 244
456 23
321 340
474 64
162 38
75 214
305 163
327 203
342 310
41 382
12 157
221 200
471 85
463 301
39 270
471 361
2 415
384 324
244 347
388 406
385 463
109 178
114 436
381 456
234 423
326 246
68 35
446 27
120 397
328 160
155 287
9 158
191 393
482 435
228 358
329 102
309 438
280 423
362 150
367 84
61 182
330 129
217 264
156 338
149 485
498 305
260 507
463 451
388 433
374 105
279 192
207 76
